function [fd,bbox,pfix]=ibeam()
% mesh of a specimen: initialization 
fd=@dbeam;
bbox=[-50,-12.5;50,12.5];
pfix=[-50,-12.5;-48,-12.5;-46,-12.5;-44,-12.5;-42,-12.5;-40,-12.5;
      50,-12.5;48,-12.5;46,-12.5;44,-12.5;42,-12.5;40,-12.5;
      -50,12.5;50,12.5;
      -2,12.5;-1,12.5;0,12.5;1,12.5;2,12.5];