function [fd,bbox,pfix]=icanti()
fd=@dcanti;
bbox=[-50,-20;50,20];
% pfix=[0,0;0,2;0,4;0,6;0,8;
%       2,0;4,0;6,0;8,0;
%       0,100;40,0;40,100];
pfix=[-50,-20;-50,-19;-50,-18;-50,-17;-50,-16;
      -49,-20;-48,-20;-47,-20;-46,-20;
      -50,20;50,-20;50,20];
end