function [fd,bbox,pfix]=iloop()
% mesh of a specimen: initialization 
fd=@dloop;
bbox=[-50,-75;50,75];
pfix=[0,-75;-5,-75;-10,-75;5,-75;10,-75;0,75;-5,75;-10,75;5,75;10,75;-10,60;10,60;-10,-60;10,-60;-50,0;50,0;-30,0;30,0;0,30;0,-30];