function [fd,bbox,pfix]=itype1()
% mesh of a specimen: initialization 
fd=@dtype1;
bbox=[-9.5,-82.5;9.5,82.5];
pfix=[-9.5,-82.5;-4.75,-82.5;0,-82.5;4.75,-82.5;9.5,-82.5;-9.5,82.5;-4.75,82.5;0,82.5;4.75,82.5;9.5,82.5;-6.5,-28.5;6.5,-28.5;-6.5,28.5;6.5,28.5;
      -6.5,12.5;-3,12.5;0,12.5;3,12.5;6.5,12.5;-6.5,-12.5;-3,-12.5;0,-12.5;3,-12.5;6.5,-12.5];